station_name decade year_start year_end  closest_stream_order  distance_to_stream_km
     Unknown   1900       1903     1904                     1               0.431214
     Unknown   1900       1903     1904                     1               0.023679
     Unknown   1900       1904     1944                     1               0.015993
     Unknown   1900       1904     1944                     1               0.485723
     Unknown   1900       1903     1937                     1               0.345608
     Unknown   1910       1918     1918                     1               0.431214
     Unknown   1910       1914     1915                     1               0.151703
     Unknown   1910       1911     1912                     1               0.336431
     Unknown   1920       1929     1931                     1               0.638680
     Unknown   1920       1928     1931                     1               0.619006
     Unknown   1920       1928     1976                     1               0.163311
     Unknown   1920       1920     1944                     1               0.296962
     Unknown   1920       1928     1944                     1               0.372419
     Unknown   1920       1928     1952                     1               0.023679
     Unknown   1920       1928     1952                     1               0.135625
     Unknown   1920       1928     1952                     1               0.023679
     Unknown   1920       1928     1952                     1               0.355418
     Unknown   1920       1928     1952                     1               0.841118
     Unknown   1920       1928     1952                     1               0.358203
     Unknown   1920       1928     1931                     1               0.073673
     Unknown   1920       1929     1939                     1               0.241302
     Unknown   1920       1928     1963                     1               0.527262
     Unknown   1930       1931     1932                     1               0.378703
     Unknown   1940       1949     1950                     1               0.209316
     Unknown   1940       1949     1950                     1               0.435110
     Unknown   1940       1943     1945                     1               0.690358
     Unknown   1940       1948     1948                     1               0.325004
     Unknown   1940       1947     1948                     1               0.325004
     Unknown   1940       1945     1951                     1               0.493018
     Unknown   1940       1945     1946                     1               0.215970
     Unknown   1940       1945     1967                     1               0.479156
     Unknown   1950       1950     1950                     1               0.209316
     Unknown   1950       1957     1957                     1               0.146661
     Unknown   1950       1955     1969                     1               0.163311
     Unknown   1950       1952     1952                     1               0.421778
     Unknown   1950       1952     1952                     1               0.047582
     Unknown   1950       1951     1952                     1               0.270353
     Unknown   1950       1953     1953                     1               0.289184
     Unknown   1950       1953     1953                     1               0.315567
     Unknown   1950       1951     1952                     1               0.218929
     Unknown   1950       1951     1952                     1               0.056810
     Unknown   1950       1951     1952                     1               0.708719
     Unknown   1950       1951     1952                     1               0.702371
     Unknown   1950       1957     1958                     1               0.100328
     Unknown   1950       1957     1958                     1               0.347476
     Unknown   1950       1957     1958                     1               0.577206
     Unknown   1950       1957     1958                     1               0.172951
     Unknown   1950       1952     1953                     1               0.299975
     Unknown   1950       1957     1959                     1               0.884570
     Unknown   1950       1957     1957                     1               0.188956
     Unknown   1950       1951     1952                     1               0.368799
     Unknown   1960       1961     1963                     1               0.238971
     Unknown   1960       1961     1962                     1               0.547744
     Unknown   1960       1962     1963                     1               0.547744
     Unknown   1960       1961     1962                     1               1.533030
     Unknown   1960       1963     1965                     1               0.145222
     Unknown   1960       1964     1965                     1               0.282941
     Unknown   1960       1968     1970                     1               0.302565
     Unknown   1960       1969     1970                     1               0.163304
     Unknown   1960       1965     1966                     1               0.201023
     Unknown   1960       1961     1962                     1               0.259408
     Unknown   1960       1962     1963                     1               0.259408
     Unknown   1960       1968     1970                     1               0.333171
     Unknown   1960       1962     1963                     1               1.702851
     Unknown   1970       1971     1972                     1               0.163311
     Unknown   1970       1970     1971                     1               0.163312
     Unknown   1970       1974     1975                     1               0.163311
     Unknown   <NA>       <NA>     <NA>                     1               0.083164
     Unknown   <NA>       <NA>     <NA>                     1               0.084254
     Unknown   <NA>       <NA>     <NA>                     1               0.030639
     Unknown   <NA>       <NA>     <NA>                     1               0.126650
     Unknown   <NA>       <NA>     <NA>                     1               0.853755
     Unknown   <NA>       <NA>     <NA>                     1               0.852507
     Unknown   <NA>       <NA>     <NA>                     1               0.148794
     Unknown   <NA>       <NA>     <NA>                     1               0.018424
     Unknown   <NA>       <NA>     <NA>                     1               0.081006
     Unknown   <NA>       <NA>     <NA>                     1               0.305504
     Unknown   <NA>       <NA>     <NA>                     1               0.498269
     Unknown   <NA>       <NA>     <NA>                     1               0.044800
     Unknown   <NA>       <NA>     <NA>                     1               0.517885
     Unknown   <NA>       <NA>     <NA>                     1               0.190090
     Unknown   <NA>       <NA>     <NA>                     1               0.802818
     Unknown   <NA>       <NA>     <NA>                     1               0.168532
     Unknown   <NA>       <NA>     <NA>                     1               0.084600
     Unknown   <NA>       <NA>     <NA>                     1               0.210226
     Unknown   <NA>       <NA>     <NA>                     1               0.300404
     Unknown   <NA>       <NA>     <NA>                     1               0.317176
     Unknown   <NA>       <NA>     <NA>                     1               0.320859
     Unknown   <NA>       <NA>     <NA>                     1               0.009501
     Unknown   <NA>       <NA>     <NA>                     1               0.144448
     Unknown   <NA>       <NA>     <NA>                     1               0.255304
     Unknown   <NA>       <NA>     <NA>                     1               0.620844
     Unknown   <NA>       <NA>     <NA>                     1               0.466378
     Unknown   <NA>       <NA>     <NA>                     1               0.580086
     Unknown   <NA>       <NA>     <NA>                     1               0.845866
     Unknown   <NA>       <NA>     <NA>                     1               0.233942
     Unknown   <NA>       <NA>     <NA>                     1               0.233942
     Unknown   <NA>       <NA>     <NA>                     1               0.073579
     Unknown   <NA>       <NA>     <NA>                     1               0.421965
     Unknown   1900       1906     1918                     2               1.506084
     Unknown   1900       1906     1943                     2               0.508256
     Unknown   1900       1906     1926                     2               1.377234
     Unknown   1900       1909     1912                     2               1.069042
     Unknown   1900       1906     1912                     2               1.744382
     Unknown   1900       1906     1912                     2               1.555309
     Unknown   1900       1906     1925                     2               1.033197
     Unknown   1900       1904     1905                     2               0.015895
     Unknown   1900       1906     1931                     2               0.201260
     Unknown   1900       1906     1912                     2               1.193711
     Unknown   1900       1906     1918                     2               1.529739
     Unknown   1900       1903     1903                     2               0.058218
     Unknown   1900       1906     1915                     2               1.243841
     Unknown   1900       1906     1916                     2               0.120965
     Unknown   1910       1910     1910                     2               1.316819
     Unknown   1910       1910     1912                     2               1.152869
     Unknown   1910       1918     1918                     2               0.481275
     Unknown   1910       1918     1918                     2               0.343521
     Unknown   1910       1914     1917                     2               0.343521
     Unknown   1910       1911     1912                     2               0.468691
     Unknown   1910       1911     1912                     2               1.300678
     Unknown   1910       1917     1918                     2               1.363268
     Unknown   1910       1915     1916                     2               1.069242
     Unknown   1910       1913     1914                     2               1.683417
     Unknown   1910       1910     1912                     2               1.639562
     Unknown   1910       1913     1913                     2               0.744427
     Unknown   1910       1916     1916                     2               1.346372
     Unknown   1910       1913     1915                     2               1.626428
     Unknown   1910       1918     1919                     2               1.395194
     Unknown   1920       1928     1970                     2               0.013240
     Unknown   1920       1928     1945                     2               0.067629
     Unknown   1920       1928     1944                     2               0.069201
     Unknown   1920       1928     1935                     2               0.069201
     Unknown   1920       1928     1953                     2               0.067643
     Unknown   1920       1929     1931                     2               1.587095
     Unknown   1920       1928     1948                     2               0.000974
     Unknown   1920       1928     1951                     2               0.067643
     Unknown   1920       1926     1927                     2               1.308363
     Unknown   1920       1928     1955                     2               0.067643
     Unknown   1920       1920     1963                     2               0.178648
     Unknown   1920       1928     1928                     2               0.159683
     Unknown   1920       1928     1950                     2               0.067785
     Unknown   1920       1920     1930                     2               0.490900
     Unknown   1930       1935     1936                     2               0.067629
     Unknown   1930       1936     1937                     2               0.067627
     Unknown   1930       1939     1940                     2               0.067643
     Unknown   1930       1933     1933                     2               0.516453
     Unknown   1930       1933     1933                     2               0.516453
     Unknown   1930       1934     1935                     2               0.088839
     Unknown   1930       1937     1938                     2               0.067643
     Unknown   1940       1948     1951                     2               0.150962
     Unknown   1940       1948     1950                     2               0.063254
     Unknown   1940       1947     1950                     2               0.283817
     Unknown   1940       1948     1957                     2               0.063273
     Unknown   1940       1948     1957                     2               0.093973
     Unknown   1940       1948     1951                     2               0.312726
     Unknown   1940       1948     1957                     2               0.866413
     Unknown   1940       1948     1956                     2               0.425969
     Unknown   1940       1947     1954                     2               0.869058
     Unknown   1940       1948     1951                     2               0.093661
     Unknown   1940       1946     1947                     2               0.067785
     Unknown   1940       1940     1941                     2               0.067627
     Unknown   1940       1945     1946                     2               0.067785
     Unknown   1940       1948     1954                     2               0.151766
     Unknown   1940       1948     1949                     2               0.069201
     Unknown   1940       1942     1943                     2               0.069201
     Unknown   1940       1948     1949                     2               0.151766
     Unknown   1940       1948     1949                     2               0.063233
     Unknown   1940       1948     1949                     2               0.093661
     Unknown   1940       1948     1949                     2               0.099610
     Unknown   1940       1941     1942                     2               0.067627
     Unknown   1950       1957     1962                     2               1.213258
     Unknown   1950       1951     1952                     2               0.011924
     Unknown   1950       1954     1955                     2               1.059103
     Unknown   1950       1954     1955                     2               1.059103
     Unknown   1950       1954     1955                     2               1.117765
     Unknown   1950       1954     1955                     2               1.682329
     Unknown   1950       1953     1954                     2               0.151766
     Unknown   1950       1953     1953                     2               0.232911
     Unknown   1950       1953     1953                     2               0.086738
     Unknown   1950       1952     1953                     2               0.152918
     Unknown   1950       1952     1953                     2               0.206383
     Unknown   1950       1953     1953                     2               0.236033
     Unknown   1950       1952     1952                     2               0.002888
     Unknown   1950       1957     1967                     2               0.048432
     Unknown   1950       1951     1952                     2               1.006776
     Unknown   1950       1951     1952                     2               1.006776
     Unknown   1950       1951     1952                     2               1.042530
     Unknown   1950       1951     1952                     2               0.067627
     Unknown   1950       1957     1958                     2               0.191525
     Unknown   1950       1957     1958                     2               1.869894
     Unknown   1950       1957     1958                     2               1.208932
     Unknown   1950       1954     1956                     2               0.425969
     Unknown   1950       1954     1956                     2               0.099610
     Unknown   1950       1954     1956                     2               0.150962
     Unknown   1950       1954     1955                     2               0.223550
     Unknown   1950       1954     1956                     2               0.093661
     Unknown   1950       1954     1956                     2               0.063254
     Unknown   1950       1953     1954                     2               0.223267
     Unknown   1950       1957     1963                     2               0.915242
     Unknown   1950       1957     1963                     2               0.915242
     Unknown   1950       1950     1959                     2               0.223553
     Unknown   1960       1963     1964                     2               0.344919
     Unknown   1960       1963     1964                     2               1.379058
     Unknown   1960       1961     1961                     2               0.172106
     Unknown   1960       1964     1965                     2               0.281757
     Unknown   1960       1966     1968                     2               0.574873
     Unknown   1960       1961     1963                     2               0.137198
     Unknown   1960       1966     1967                     2               1.383574
     Unknown   1960       1969     1969                     2               0.234518
     Unknown   1960       1969     1970                     2               0.234518
     Unknown   1960       1968     1970                     2               0.349086
     Unknown   <NA>       <NA>     <NA>                     2               0.243500
     Unknown   <NA>       <NA>     <NA>                     2               0.243500
     Unknown   <NA>       <NA>     <NA>                     2               0.218220
     Unknown   <NA>       <NA>     <NA>                     2               0.157135
     Unknown   <NA>       <NA>     <NA>                     2               0.571862
     Unknown   <NA>       <NA>     <NA>                     2               0.571862
     Unknown   <NA>       <NA>     <NA>                     2               1.109921
     Unknown   <NA>       <NA>     <NA>                     2               1.590062
     Unknown   <NA>       <NA>     <NA>                     2               0.144339
     Unknown   <NA>       <NA>     <NA>                     2               0.417411
     Unknown   <NA>       <NA>     <NA>                     2               0.072666
     Unknown   <NA>       <NA>     <NA>                     2               0.224716
     Unknown   <NA>       <NA>     <NA>                     2               0.088891
     Unknown   <NA>       <NA>     <NA>                     2               0.279408
     Unknown   <NA>       <NA>     <NA>                     2               0.421797
     Unknown   <NA>       <NA>     <NA>                     2               0.318853
     Unknown   1920       1928     1944                     3               0.083216
     Unknown   1920       1928     1944                     3               0.474373
     Unknown   1930       1930     1935                     3               0.161264
     Unknown   1930       1930     1936                     3               0.109973
     Unknown   1930       1930     1944                     3               0.134567
     Unknown   1930       1930     1938                     3               0.109973
     Unknown   1930       1931     1950                     3               0.270289
     Unknown   1930       1935     1944                     3               0.506829
     Unknown   1930       1930     1940                     3               0.109942
     Unknown   1930       1930     1955                     3               0.132636
     Unknown   1930       1930     1947                     3               0.132636
     Unknown   1930       1930     1968                     3               0.123638
     Unknown   1930       1930     1941                     3               0.161289
     Unknown   1930       1930     1960                     3               0.127328
     Unknown   1930       1930     1951                     3               0.123638
     Unknown   1930       1930     1937                     3               0.161289
     Unknown   1930       1930     1959                     3               0.117777
     Unknown   1930       1930     1963                     3               0.132636
     Unknown   1930       1930     1967                     3               0.132636
     Unknown   1930       1930     1952                     3               0.132636
     Unknown   1940       1942     1943                     3               0.110279
     Unknown   1940       1945     1946                     3               0.096880
     Unknown   1940       1941     1942                     3               0.109942
     Unknown   1940       1944     1945                     3               0.132636
     Unknown   1950       1953     1954                     3               0.120651
     Unknown   1950       1951     1951                     3               0.013735
     Unknown   1950       1952     1953                     3               0.132636
     Unknown   1960       1969     1970                     3               0.138010
     Unknown   1960       1961     1963                     3               0.319949
     Unknown   1960       1963     <NA>                     3               0.055437
     Unknown   1960       1968     1969                     3               0.132636
     Unknown   1960       1963     1963                     3               1.248901
     Unknown   1970       1974     1975                     3               0.055437
     Unknown   <NA>       <NA>     <NA>                     3               0.418055
     Unknown   <NA>       <NA>     <NA>                     3               0.944584
     Unknown   <NA>       <NA>     <NA>                     3               0.427392
     Unknown   <NA>       <NA>     <NA>                     3               0.005328
     Unknown   <NA>       <NA>     <NA>                     3               0.092219
     Unknown   <NA>       <NA>     <NA>                     3               0.242474
     Unknown   <NA>       <NA>     <NA>                     3               0.242474
     Unknown   <NA>       <NA>     <NA>                     3               0.393082
     Unknown   <NA>       <NA>     <NA>                     3               0.361574
     Unknown   <NA>       <NA>     <NA>                     3               0.196624
     Unknown   <NA>       <NA>     <NA>                     3               0.407333
     Unknown   1900       1903     1904                     4               0.089642
     Unknown   1920       1928     1931                     4               1.187309
     Unknown   1920       1929     1931                     4               1.187309
     Unknown   1920       1928     1933                     4               0.348896
     Unknown   1920       1929     1944                     4               0.644322
     Unknown   1930       1934     1935                     4               0.599806
     Unknown   1930       1932     1933                     4               0.025102
     Unknown   1940       1948     1948                     4               0.437200
     Unknown   1940       1946     1946                     4               0.031818
     Unknown   1940       1946     1946                     4               0.031818
     Unknown   1940       1945     1946                     4               0.043433
     Unknown   1940       1941     1965                     4               0.147879
     Unknown   1950       1954     1955                     4               0.085106
     Unknown   1950       1954     1955                     4               0.238389
     Unknown   1950       1954     1955                     4               0.238389
     Unknown   1950       1957     1958                     4               0.804664
     Unknown   1960       1963     1964                     4               1.031888
     Unknown   1960       1966     1968                     4               0.004384
     Unknown   1960       1963     1965                     4               0.016600
     Unknown   <NA>       <NA>     <NA>                     4               0.395333
     Unknown   1900       1906     1912                     5               0.598097
     Unknown   1900       1906     1918                     5               1.718219
     Unknown   1900       1906     1938                     5               0.034653
     Unknown   1900       1906     1914                     5               0.688869
     Unknown   1900       1906     1917                     5               0.378909
     Unknown   1900       1903     1936                     5               0.408595
     Unknown   1900       1906     1918                     5               1.016195
     Unknown   1900       1903     1938                     5               0.408595
     Unknown   1900       1906     1953                     5               0.034656
     Unknown   1900       1907     1909                     5               1.173646
     Unknown   1900       1906     1958                     5               0.151776
     Unknown   1900       1906     1934                     5               0.736344
     Unknown   1900       1907     1940                     5               1.886750
     Unknown   1900       1906     1940                     5               0.034985
     Unknown   1900       1906     1960                     5               0.537906
     Unknown   1900       1903     1941                     5               0.408555
     Unknown   1900       1906     1936                     5               0.034656
     Unknown   1900       1903     1942                     5               0.408595
     Unknown   1900       1906     1918                     5               0.105018
     Unknown   1900       1906     1949                     5               0.034656
     Unknown   1900       1906     1918                     5               1.400106
     Unknown   1900       1906     1912                     5               1.353515
     Unknown   1900       1906     1955                     5               0.034686
     Unknown   1900       1906     1957                     5               0.151881
     Unknown   1900       1906     1942                     5               0.034656
     Unknown   1900       1906     1952                     5               0.034656
     Unknown   1900       1906     1918                     5               1.359150
     Unknown   1900       1906     1913                     5               1.023242
     Unknown   1900       1903     1943                     5               0.110637
     Unknown   1900       1906     1939                     5               0.034653
     Unknown   1900       1906     1948                     5               0.034656
     Unknown   1900       1908     1939                     5               1.704657
     Unknown   1900       1906     1932                     5               1.640852
     Unknown   1900       1906     1960                     5               0.151881
     Unknown   1900       1906     1959                     5               0.151764
     Unknown   1910       1910     1912                     5               0.819155
     Unknown   1910       1913     1914                     5               0.848250
     Unknown   1910       1914     1914                     5               1.392576
     Unknown   1910       1914     1931                     5               0.227917
     Unknown   1910       1911     1912                     5               0.883406
     Unknown   1910       1911     1912                     5               0.156656
     Unknown   1910       1913     1914                     5               0.596942
     Unknown   1910       1910     1912                     5               0.160741
     Unknown   1910       1911     1912                     5               1.068434
     Unknown   1910       1917     1917                     5               1.900215
     Unknown   1920       1920     1966                     5               0.112087
     Unknown   1920       1920     <NA>                     5               0.113032
     Unknown   1920       1920     1938                     5               0.408555
     Unknown   1920       1920     1920                     5               0.113032
     Unknown   1920       1920     1947                     5               0.099347
     Unknown   1920       1920     1967                     5               0.105018
     Unknown   1920       1920     1951                     5               0.113032
     Unknown   1920       1928     1940                     5               0.145086
     Unknown   1920       1920     1953                     5               0.112087
     Unknown   1920       1920     1958                     5               0.113032
     Unknown   1920       1928     1929                     5               1.919988
     Unknown   1920       1920     1970                     5               0.113032
     Unknown   1920       1928     1960                     5               0.177701
     Unknown   1920       1920     1975                     5               0.120156
     Unknown   1920       1920     1939                     5               0.408555
     Unknown   1920       1920     1969                     5               0.124855
     Unknown   1920       1920     1941                     5               0.408555
     Unknown   1920       1928     1953                     5               0.146202
     Unknown   1920       1928     1956                     5               0.177277
     Unknown   1920       1920     1956                     5               0.112087
     Unknown   1920       1928     <NA>                     5               0.011121
     Unknown   1920       1920     1964                     5               0.113032
     Unknown   1920       1929     1935                     5               0.063919
     Unknown   1920       1920     <NA>                     5               0.113032
     Unknown   1920       1928     <NA>                     5               0.016239
     Unknown   1920       1920     1940                     5               0.408595
     Unknown   1920       1928     1962                     5               0.177277
     Unknown   1920       1920     <NA>                     5               0.113032
     Unknown   1920       1920     1967                     5               0.113032
     Unknown   1920       1928     1965                     5               0.177701
     Unknown   1920       1920     1960                     5               0.113032
     Unknown   1920       1920     1950                     5               0.099347
     Unknown   1920       1928     1957                     5               0.177316
     Unknown   1920       1920     <NA>                     5               0.113032
     Unknown   1920       1928     1947                     5               0.145086
     Unknown   1920       1920     1968                     5               0.105018
     Unknown   1920       1928     1959                     5               0.177277
     Unknown   1920       1920     1968                     5               0.113032
     Unknown   1920       1928     1935                     5               0.146202
     Unknown   1920       1928     1954                     5               0.145086
     Unknown   1920       1920     1956                     5               0.113032
     Unknown   1920       1928     <NA>                     5               0.177277
     Unknown   1920       1928     1958                     5               0.063919
     Unknown   1920       1920     1935                     5               0.408595
     Unknown   1920       1920     1953                     5               0.113032
     Unknown   1920       1928     1938                     5               0.145086
     Unknown   1920       1928     1960                     5               0.060140
     Unknown   1920       1928     1960                     5               0.177277
     Unknown   1920       1920     1959                     5               0.113032
     Unknown   1920       1920     1962                     5               0.099347
     Unknown   1920       1920     1960                     5               0.113032
     Unknown   1920       1920     1965                     5               0.113032
     Unknown   1920       1920     1955                     5               0.113032
     Unknown   1920       1920     1954                     5               0.113032
     Unknown   1920       1928     1939                     5               0.145086
     Unknown   1920       1928     <NA>                     5               0.069352
     Unknown   1920       1928     1956                     5               0.097819
     Unknown   1920       1920     1943                     5               0.408595
     Unknown   1920       1929     1950                     5               0.013506
     Unknown   1930       1934     1935                     5               0.408595
     Unknown   1930       1935     1936                     5               0.146202
     Unknown   1930       1930     1931                     5               0.885382
     Unknown   1930       1930     1931                     5               0.997850
     Unknown   1930       1932     1950                     5               0.063919
     Unknown   1930       1932     1933                     5               1.073889
     Unknown   1930       1936     1937                     5               0.034656
     Unknown   1930       1935     1965                     5               0.177316
     Unknown   1940       1947     1949                     5               0.081995
     Unknown   1940       1946     1963                     5               0.548427
     Unknown   1940       1943     1944                     5               0.408555
     Unknown   1940       1947     1952                     5               0.020951
     Unknown   1940       1945     1946                     5               0.034656
     Unknown   1940       1947     1961                     5               0.030937
     Unknown   1940       1946     1961                     5               0.034942
     Unknown   1940       1949     1950                     5               0.034656
     Unknown   1940       1947     1948                     5               0.122625
     Unknown   1940       1948     1950                     5               0.174534
     Unknown   1940       1947     1948                     5               0.145086
     Unknown   1940       1947     1951                     5               0.081995
     Unknown   1940       1947     1951                     5               1.286007
     Unknown   1940       1941     1967                     5               0.001248
     Unknown   1940       1947     1960                     5               0.036574
     Unknown   1940       1948     1949                     5               0.109305
     Unknown   1940       1947     1955                     5               1.285963
     Unknown   1940       1947     1948                     5               0.105018
     Unknown   1940       1948     1949                     5               1.285963
     Unknown   1940       1940     1941                     5               0.034656
     Unknown   1940       1941     1976                     5               0.001248
     Unknown   1940       1948     1949                     5               0.190977
     Unknown   1940       1947     1947                     5               0.961015
     Unknown   1940       1948     1954                     5               0.190977
     Unknown   1940       1941     <NA>                     5               0.001248
     Unknown   1940       1947     1947                     5               0.122625
     Unknown   1940       1947     1950                     5               0.021434
     Unknown   1940       1941     <NA>                     5               0.001219
     Unknown   1940       1948     1965                     5               0.190977
     Unknown   1940       1940     1970                     5               0.001248
     Unknown   1940       1941     1941                     5               0.043155
     Unknown   1940       1941     <NA>                     5               0.001248
     Unknown   1940       1947     1959                     5               0.030499
     Unknown   1940       1947     1974                     5               0.049672
     Unknown   1940       1948     1949                     5               0.173009
     Unknown   1940       1945     1946                     5               0.085839
     Unknown   1940       1948     1948                     5               0.178316
     Unknown   1940       1947     1952                     5               0.122625
     Unknown   1940       1947     1953                     5               0.081995
     Unknown   1940       1947     1950                     5               0.163170
     Unknown   1940       1949     1950                     5               0.145086
     Unknown   1940       1946     1960                     5               0.549348
     Unknown   1940       1947     1956                     5               0.021434
     Unknown   1940       1946     <NA>                     5               0.092073
     Unknown   1940       1947     1949                     5               0.122625
     Unknown   1940       1947     1947                     5               1.656335
     Unknown   1940       1947     1948                     5               1.656335
     Unknown   1940       1947     1948                     5               1.656335
     Unknown   1940       1947     1948                     5               0.021434
     Unknown   1940       1947     1959                     5               0.549348
     Unknown   1940       1946     1962                     5               0.537906
     Unknown   1940       1941     1941                     5               0.537906
     Unknown   1940       1947     <NA>                     5               0.009286
     Unknown   1940       1947     1953                     5               0.122625
     Unknown   1940       1941     1945                     5               0.043208
     Unknown   1940       1942     1943                     5               0.408595
     Unknown   1940       1947     1966                     5               0.072740
     Unknown   1940       1943     1945                     5               0.112087
     Unknown   1940       1941     1942                     5               0.043208
     Unknown   1940       1947     1954                     5               0.021434
     Unknown   1940       1947     1965                     5               0.009286
     Unknown   1940       1945     1946                     5               0.112087
     Unknown   1940       1941     1965                     5               0.001248
     Unknown   1940       1941     1950                     5               0.549348
     Unknown   1940       1947     1950                     5               0.549348
     Unknown   1940       1947     1977                     5               0.007559
     Unknown   1940       1947     1952                     5               1.286007
     Unknown   1940       1947     1947                     5               0.081995
     Unknown   1940       1947     1955                     5               0.051546
     Unknown   1940       1941     1969                     5               0.001248
     Unknown   1940       1948     1956                     5               0.190977
     Unknown   1940       1946     1947                     5               0.034656
     Unknown   1940       1949     1950                     5               0.081995
     Unknown   1940       1946     1965                     5               0.549348
     Unknown   1940       1944     1945                     5               0.034656
     Unknown   1940       1941     1971                     5               0.001248
     Unknown   1940       1947     1957                     5               0.081995
     Unknown   1940       1947     1965                     5               0.009303
     Unknown   1940       1941     <NA>                     5               0.001248
     Unknown   1940       1947     1954                     5               1.285963
     Unknown   1940       1946     1960                     5               0.549348
     Unknown   1940       1946     1960                     5               0.034942
     Unknown   1940       1947     1964                     5               0.009286
     Unknown   1940       1947     1950                     5               0.081995
     Unknown   1940       1940     1946                     5               0.001248
     Unknown   1940       1948     1949                     5               0.051329
     Unknown   1940       1947     1954                     5               0.081995
     Unknown   1940       1947     1952                     5               0.081995
     Unknown   1940       1947     1975                     5               0.007559
     Unknown   1940       1943     1944                     5               0.408595
     Unknown   1940       1947     1950                     5               0.030937
     Unknown   1940       1947     1956                     5               0.549348
     Unknown   1940       1947     1947                     5               0.009129
     Unknown   1940       1947     1968                     5               0.030208
     Unknown   1940       1947     1959                     5               0.030937
     Unknown   1940       1947     1951                     5               0.021434
     Unknown   1940       1948     1949                     5               0.954985
     Unknown   1940       1947     1965                     5               0.070171
     Unknown   1940       1946     1947                     5               0.021434
     Unknown   1940       1948     1951                     5               0.190952
     Unknown   1940       1947     1948                     5               0.081995
     Unknown   1940       1947     1948                     5               1.286007
     Unknown   1940       1943     1945                     5               0.099347
     Unknown   1940       1941     1946                     5               0.043208
     Unknown   1940       1942     1943                     5               0.043208
     Unknown   1940       1947     1953                     5               1.286007
     Unknown   1940       1943     1944                     5               0.034656
     Unknown   1940       1947     1956                     5               0.081995
     Unknown   1940       1947     <NA>                     5               0.009286
     Unknown   1940       1947     1950                     5               0.122625
     Unknown   1940       1947     1960                     5               0.021434
     Unknown   1940       1947     1960                     5               0.030937
     Unknown   1940       1941     <NA>                     5               0.001248
     Unknown   1950       1954     1954                     5               0.034248
     Unknown   1950       1958     1959                     5               0.009853
     Unknown   1950       1957     1958                     5               0.177274
     Unknown   1950       1954     1976                     5               0.036922
     Unknown   1950       1956     1957                     5               0.078972
     Unknown   1950       1954     <NA>                     5               0.034248
     Unknown   1950       1953     1954                     5               0.122625
     Unknown   1950       1956     1957                     5               0.030937
     Unknown   1950       1957     1962                     5               0.333775
     Unknown   1950       1957     1958                     5               0.009853
     Unknown   1950       1958     1959                     5               0.081995
     Unknown   1950       1954     1965                     5               0.056495
     Unknown   1950       1954     1956                     5               0.954985
     Unknown   1950       1954     <NA>                     5               0.036922
     Unknown   1950       1954     1963                     5               0.009853
     Unknown   1950       1954     1960                     5               0.049594
     Unknown   1950       1957     1958                     5               0.038310
     Unknown   1950       1954     1955                     5               0.049594
     Unknown   1950       1959     1960                     5               0.030937
     Unknown   1950       1954     1955                     5               0.009853
     Unknown   1950       1954     1957                     5               0.191673
     Unknown   1950       1957     1958                     5               0.327599
     Unknown   1950       1957     1958                     5               0.327599
     Unknown   1950       1957     1958                     5               0.327599
     Unknown   1950       1957     1958                     5               0.327599
     Unknown   1950       1957     1958                     5               0.327599
     Unknown   1950       1954     1960                     5               0.191673
     Unknown   1950       1951     1952                     5               0.190977
     Unknown   1950       1954     1965                     5               0.009853
     Unknown   1950       1954     1965                     5               0.034248
     Unknown   1950       1957     1958                     5               0.191673
     Unknown   1950       1954     1960                     5               0.009853
     Unknown   1950       1958     1959                     5               0.006120
     Unknown   1950       1958     1959                     5               0.191673
     Unknown   1950       1954     1965                     5               0.034248
     Unknown   1950       1954     1955                     5               0.190697
     Unknown   1950       1954     1956                     5               0.087948
     Unknown   1950       1954     1962                     5               0.191673
     Unknown   1950       1952     1953                     5               0.021434
     Unknown   1950       1959     1960                     5               0.009853
     Unknown   1950       1952     1952                     5               1.712228
     Unknown   1950       1952     1952                     5               1.712228
     Unknown   1950       1952     1952                     5               1.712228
     Unknown   1950       1959     1960                     5               0.151881
     Unknown   1950       1954     1955                     5               0.122625
     Unknown   1950       1955     1956                     5               0.014240
     Unknown   1950       1954     1960                     5               0.049594
     Unknown   1950       1959     1960                     5               0.063919
     Unknown   1950       1954     1964                     5               0.041722
     Unknown   1950       1954     1958                     5               0.049356
     Unknown   1950       1954     1954                     5               0.537906
     Unknown   1950       1953     1954                     5               0.112087
     Unknown   1950       1957     1958                     5               0.006120
     Unknown   1950       1958     1959                     5               0.190952
     Unknown   1950       1956     1957                     5               0.113032
     Unknown   1950       1954     1956                     5               0.006120
     Unknown   1950       1956     1957                     5               0.093678
     Unknown   1950       1954     1960                     5               0.034248
     Unknown   1950       1959     1960                     5               0.191673
     Unknown   1950       1954     1955                     5               0.191673
     Unknown   1950       1957     1958                     5               0.093678
     Unknown   1950       1959     1960                     5               0.178316
     Unknown   1950       1950     1951                     5               0.145086
     Unknown   1950       1954     1964                     5               0.022499
     Unknown   1950       1956     1957                     5               0.006120
     Unknown   1950       1954     1962                     5               0.034248
     Unknown   1950       1954     1957                     5               0.019116
     Unknown   1950       1954     1970                     5               0.030165
     Unknown   1950       1952     1953                     5               0.190977
     Unknown   1950       1956     1957                     5               0.549348
     Unknown   1950       1951     1952                     5               0.145086
     Unknown   1950       1958     1959                     5               0.049594
     Unknown   1950       1957     1962                     5               0.895719
     Unknown   1950       1955     1956                     5               0.030937
     Unknown   1950       1954     1956                     5               0.049620
     Unknown   1950       1957     1958                     5               0.030937
     Unknown   1950       1954     1959                     5               0.093678
     Unknown   1950       1954     1963                     5               0.022499
     Unknown   1950       1951     1952                     5               0.113032
     Unknown   1950       1954     1957                     5               0.009866
     Unknown   1950       1956     1957                     5               0.190977
     Unknown   1950       1954     1957                     5               0.049594
     Unknown   1950       1954     1961                     5               0.034248
     Unknown   1950       1954     1961                     5               0.191673
     Unknown   1950       1959     1960                     5               0.071180
     Unknown   1950       1954     1955                     5               0.112087
     Unknown   1950       1954     1960                     5               0.023939
     Unknown   1950       1958     1959                     5               0.014240
     Unknown   1950       1954     1971                     5               0.034248
     Unknown   1960       1968     1969                     5               0.009286
     Unknown   1960       1967     1968                     5               0.001248
     Unknown   1960       1962     1963                     5               0.195308
     Unknown   1960       1964     1965                     5               0.195308
     Unknown   1960       1964     1965                     5               0.549256
     Unknown   1960       1965     1966                     5               0.049652
     Unknown   1960       1966     1967                     5               0.034248
     Unknown   1960       1964     1965                     5               0.177274
     Unknown   1960       1965     1966                     5               0.063919
     Unknown   1960       1964     1965                     5               0.009853
     Unknown   1960       1960     1961                     5               0.063919
     Unknown   1960       1965     1966                     5               0.009866
     Unknown   1960       1965     1966                     5               0.190977
     Unknown   1960       1965     1966                     5               0.001248
     Unknown   1960       1967     1968                     5               0.026480
     Unknown   1960       1966     1967                     5               0.009853
     Unknown   1960       1965     1966                     5               0.034248
     Unknown   1960       1960     1961                     5               0.023997
     Unknown   1960       1967     1968                     5               0.009853
     Unknown   1960       1961     1962                     5               0.071180
     Unknown   1960       1966     1967                     5               0.063919
     Unknown   1960       1966     1967                     5               0.178316
     Unknown   1960       1968     1969                     5               0.034248
     Unknown   1960       1967     1968                     5               0.063573
     Unknown   1960       1967     1968                     5               0.190952
     Unknown   1960       1967     1968                     5               0.113032
     Unknown   1960       1969     1970                     5               0.036922
     Unknown   1960       1961     1962                     5               0.190977
     Unknown   1960       1966     1967                     5               0.190977
     Unknown   1960       1963     1964                     5               0.190977
     Unknown   1960       1967     1968                     5               0.190977
     Unknown   1960       1964     1965                     5               0.006120
     Unknown   1960       1969     1970                     5               0.061616
     Unknown   1960       1963     1964                     5               0.549256
     Unknown   1960       1961     1962                     5               0.007559
     Unknown   1960       1963     1964                     5               0.099347
     Unknown   1960       1967     1968                     5               0.190980
     Unknown   1960       1969     1970                     5               0.049652
     Unknown   1960       1965     1966                     5               0.113032
     Unknown   1960       1968     1969                     5               0.009853
     Unknown   1960       1966     1967                     5               0.178316
     Unknown   1960       1969     1970                     5               0.098709
     Unknown   1960       1965     1966                     5               0.177277
     Unknown   1960       1961     1962                     5               0.191673
     Unknown   1960       1964     1965                     5               0.063919
     Unknown   1960       1965     1966                     5               0.093376
     Unknown   1960       1963     1964                     5               0.177316
     Unknown   1960       1964     1965                     5               0.190977
     Unknown   1960       1969     1970                     5               0.009286
     Unknown   1960       1964     1965                     5               0.026532
     Unknown   1960       1967     1968                     5               0.034248
     Unknown   1960       1963     1964                     5               0.035844
     Unknown   1960       1964     1965                     5               0.035844
     Unknown   1960       1967     1968                     5               0.166911
     Unknown   1960       1966     1967                     5               0.026532
     Unknown   1960       1966     1968                     5               1.732840
     Unknown   1960       1961     1962                     5               0.041569
     Unknown   1960       1965     1966                     5               0.030208
     Unknown   1960       1966     1967                     5               0.009129
     Unknown   1960       1964     1965                     5               0.113032
     Unknown   1960       1966     1967                     5               0.177316
     Unknown   1960       1962     1963                     5               0.097819
     Unknown   1960       1969     1970                     5               0.034248
     Unknown   1970       1970     1971                     5               0.028721
     Unknown   1970       1970     1971                     5               0.113032
     Unknown   1970       1971     1972                     5               0.049672
     Unknown   1970       1973     1974                     5               0.025414
     Unknown   1970       1970     1971                     5               0.036922
     Unknown   1970       1973     1974                     5               0.009286
     Unknown   1970       1971     1972                     5               0.113032
     Unknown   1970       1973     1974                     5               0.069408
     Unknown   1970       1971     1972                     5               0.025352
     Unknown   1970       1976     1977                     5               0.049652
     Unknown   1970       1971     1972                     5               0.036922
     Unknown   1970       1970     1971                     5               0.011121
     Unknown   1970       1970     1971                     5               0.049652
     Unknown   1970       1974     1975                     5               0.034248
     Unknown   1970       1971     1972                     5               0.001248
     Unknown   1970       1971     1972                     5               0.069352
     Unknown   1970       1974     1975                     5               0.049652
     Unknown   1970       1977     1978                     5               0.049573
     Unknown   1970       1974     1975                     5               0.013246
     Unknown   1970       1973     1974                     5               0.036922
     Unknown   1970       1975     1976                     5               0.049652
     Unknown   1970       1977     1978                     5               0.655238
     Unknown   1970       1970     1971                     5               0.022261
     Unknown   <NA>       <NA>     <NA>                     5               0.026480
     Unknown   <NA>       <NA>     <NA>                     5               0.438096
     Unknown   <NA>       <NA>     <NA>                     5               0.000324
     Unknown   <NA>       <NA>     <NA>                     5               0.029436
     Unknown   <NA>       <NA>     <NA>                     5               0.023693
     Unknown   <NA>       <NA>     <NA>                     5               0.093071
     Unknown   <NA>       <NA>     <NA>                     5               1.066874
     Unknown   <NA>       <NA>     <NA>                     5               0.071281
     Unknown   <NA>       <NA>     <NA>                     5               1.662532
     Unknown   <NA>       <NA>     <NA>                     5               0.633514
     Unknown   <NA>       <NA>     <NA>                     5               1.662532
     Unknown   <NA>       <NA>     <NA>                     5               1.812742
     Unknown   <NA>       <NA>     <NA>                     5               0.251644
     Unknown   <NA>       <NA>     <NA>                     5               1.546362
     Unknown   <NA>       <NA>     <NA>                     5               1.490981
     Unknown   <NA>       <NA>     <NA>                     5               0.501807
